   2.0000000e+00  -9.3629296e-02   4.1988892e-01   2.2045462e-01  -1.3949800e-01   1.2737625e+00  -1.2061400e+00  -9.0373430e-01   1.9134597e-01  -3.8392554e-01   7.8257388e-01
   2.0000000e+00   1.8000858e+00   2.5985996e-01  -9.3876002e-02   3.6100432e-01   5.4486265e-01  -7.0035920e-02  -4.1272484e-01   5.1761326e-01   1.9463764e+00  -7.7904872e-01
   2.0000000e+00  -1.5145309e-01  -6.2135302e-01  -4.9083492e-02  -1.1945403e+00  -1.1249547e+00   2.9784599e-01  -5.1492732e-01  -1.5682199e+00  -1.6689543e+00  -1.1013698e+00
   2.0000000e+00  -2.0991917e+00   7.1837776e-01  -1.8619328e+00   4.6754712e-01  -9.0054087e-01  -1.2163085e+00  -4.7434395e-01  -6.0318095e-01  -6.3492852e-01  -4.6595164e-01
   2.0000000e+00   5.2734928e-01  -7.8673583e-01   1.0452675e+00  -2.3874590e-02   4.7359354e-01   1.0254580e+00  -9.3042267e-01  -6.1487445e-01   1.3435442e+00  -1.8677651e+00
   2.0000000e+00  -1.7602788e+00   4.6524009e-01   1.3177579e+00   2.4032280e+00   9.2790706e-01   4.0664837e-01  -1.2685976e+00  -8.1743408e-01   3.4600191e-01  -4.7195386e-01
   2.0000000e+00   6.6130945e-01   6.9829502e-01  -5.3172000e-01  -1.1261515e-01  -1.6980093e-01  -2.0726194e+00   3.1905828e-01   3.5189355e-01   6.7766308e-01  -7.8398692e-01
   2.0000000e+00   1.0108598e-01   7.6308787e-01   1.1092635e+00  -1.4563245e+00   3.0069738e-01  -1.6628731e-01   8.6977096e-01  -5.8814385e-01  -9.3289044e-01  -2.2884288e+00
   2.0000000e+00  -1.4285388e+00   1.6230888e+00   1.8301589e+00  -8.2130434e-01   7.2383929e-01  -5.1686812e-01   4.0540014e-01  -7.6053607e-01  -1.2646595e-01   8.9764128e-01
   2.0000000e+00  -1.7682768e+00  -1.2147382e+00   6.5520404e-01   5.1665198e-01   6.6193956e-01   1.3440925e+00   6.1403971e-01  -1.5184358e+00   7.1227855e-01   1.4729671e+00
   2.0000000e+00   1.2046665e+00   1.3912874e+00   4.7701319e-02   8.9913418e-01   7.7414494e-01  -2.8502888e-01   6.7962492e-01  -2.3180401e+00  -6.8281845e-01   8.8820596e-01
   1.0000000e+00   8.7127339e-01  -1.3976509e+00   2.5274991e-01  -9.7009664e-02  -5.8521561e-01   1.6695580e-01   2.4777481e-01  -1.3859687e+00   4.6893697e-01  -8.3155196e-02
   2.0000000e+00  -4.5720809e-01  -6.4476000e-01   9.0647150e-01   1.4418259e+00   8.8731678e-01   6.0141101e-01   1.3771413e+00   1.8686309e+00   1.0147553e+00   3.7185738e-01
   1.0000000e+00   1.4218612e+00   3.1365960e-01   2.5075407e-01   1.6984354e+00  -4.5205674e-01   2.5620203e-01  -2.3430193e-01   1.9152539e+00   4.0450812e-01   5.6482686e-01
   2.0000000e+00  -1.4328896e+00   7.7027640e-01   2.0017847e+00  -5.6785050e-01  -1.1312424e-01  -2.7061065e-01  -2.6634852e-01   1.0091644e+00   2.1904504e-01   6.9303377e-01
   1.0000000e+00  -1.6302911e+00   8.7166456e-01   4.0777220e-02  -3.7808333e-01   1.2194793e+00  -4.3010825e-01  -1.6209415e+00  -2.9985818e-01   4.2313520e-01  -2.2632771e+00
   1.0000000e+00   1.2673664e+00   1.4070267e-02   6.2312779e-01  -5.6440531e-01  -3.5634945e-01  -1.8064181e-01   1.3622513e+00  -2.0043656e-01   2.4631188e-01   2.8813807e-01
   1.0000000e+00  -1.8147631e-01   1.0103693e+00   5.9048925e-01  -5.9003446e-01   1.5251118e+00  -5.4862744e-01   1.3313086e+00  -5.9100135e-01  -5.9301355e-01   1.2067460e+00
   2.0000000e+00   2.4201727e-01  -1.1325049e+00  -6.0763589e-01   4.8202757e-01  -4.7959927e-01   2.2555468e+00  -6.5106553e-02  -6.3841513e-02  -6.1141076e-01   1.2052254e+00
   2.0000000e+00  -5.4023851e-01   2.2655076e-03   1.6246792e+00   1.4762896e-01  -1.3788493e+00   8.3382310e-01   2.5296953e-01   4.5556956e-01   8.8680936e-01  -1.3298052e+00
   2.0000000e+00  -1.4438987e+00   1.0118049e+00  -6.9261357e-02   1.7313298e+00   3.3978013e-02   8.0133481e-01   8.9470933e-01   9.3883164e-01  -1.6790775e-01   1.0917101e+00
   2.0000000e+00   1.8535824e+00   9.6574847e-01  -1.3423723e+00   6.6182964e-01   1.3801727e+00   6.4922906e-01   1.9963090e+00  -1.9987851e+00   9.7623933e-01  -1.1046050e+00
   2.0000000e+00  -1.0571197e+00   1.1485811e+00   1.4896606e+00  -1.7800124e-01  -3.6080598e-01  -1.6670381e+00  -1.4263002e+00   5.0092956e-01   1.3075756e-01  -7.1043450e-01
   2.0000000e+00   1.0209114e+00   1.8303367e+00  -1.9933039e-01  -1.9524467e-01   3.5781756e-01   1.6997936e+00   9.1955617e-01   3.6096284e-01   8.4722200e-01  -9.8738364e-01
   2.0000000e+00   2.7984463e-01  -7.4955921e-01  -1.9368599e+00  -8.6973814e-02  -7.1888453e-02   2.2663932e-01  -1.3307206e+00   3.6851354e-01   2.1583303e-01   1.0331906e+00
   1.0000000e+00   1.1097174e+00   1.5949518e+00   4.8808178e-01  -2.9095710e-02   1.1178666e+00  -6.7612368e-02  -1.8245531e+00  -5.6346093e-01   5.8699187e-01   9.9571682e-01
   2.0000000e+00  -3.9275848e-01  -2.6638993e-01  -3.3895388e-02  -1.8535614e-01  -3.4421645e-01   1.8947428e+00   9.4296123e-03   3.2956165e-01  -5.1679063e-01  -1.6741549e+00
   2.0000000e+00   7.0928722e-01   3.3901644e-01  -1.4282780e+00  -3.2845266e-01   1.2383977e+00  -6.3183181e-01  -1.6114795e+00   1.4538253e+00   1.0519004e+00  -1.6795561e+00
   1.0000000e+00   2.7049420e-01   1.1869905e+00   3.1563436e-01   1.1134700e-01  -1.0700887e+00   1.8020935e-03  -7.8712373e-01  -1.5213874e+00   7.3054365e-01   1.0766053e+00
   2.0000000e+00   1.0082628e+00  -7.0912444e-01   1.4181220e-02  -1.2857357e+00  -1.0526764e+00   1.2134794e+00   4.4174485e-01  -1.7628632e+00   2.6485281e-01  -1.7933573e+00
   2.0000000e+00  -6.8327801e-01   1.0416692e+00  -1.8093894e-02   2.1185223e-01  -1.4304897e+00   1.9134450e+00  -9.2298117e-01   1.2626501e+00   6.3227730e-01  -1.3622685e+00
   2.0000000e+00  -3.4565041e-01   1.1888296e+00  -4.3470728e-01   5.8849339e-01  -6.3034688e-01   1.0778388e+00  -4.9844609e-01   1.2141298e+00   1.1355272e+00  -1.0584897e+00
   2.0000000e+00   1.6542044e-01   1.4861977e+00  -5.8380252e-02   1.1814485e+00   1.9931181e-01  -1.3092016e+00  -9.0406412e-01   6.6332242e-01   2.0810791e+00   2.2040994e-01
   1.0000000e+00  -5.3391446e-01  -2.3821462e+00   4.5984997e-01  -1.6054778e+00  -1.0745108e+00  -1.8864678e-01   3.1992251e-01  -1.6596929e+00  -4.9728272e-01   4.8493703e-01
   2.0000000e+00  -1.0696986e-01   3.9570785e-01  -4.4443228e-01   6.2886452e-01  -1.3862767e+00   9.5747807e-01   5.6299702e-02   5.3532280e-01   5.9579588e-01   2.4971723e-01
   1.0000000e+00   2.4013570e-01   1.5996092e+00   2.7840506e-01   2.6532219e-01  -1.8545674e+00   1.5518616e-02   4.0716129e-01  -2.2531166e-01  -2.6057448e-02   1.4476551e+00
   1.0000000e+00   1.0458121e+00   1.7213933e-03   7.5262421e-02  -7.8288785e-01  -6.9966575e-01   4.6384663e-01   1.0133178e+00   1.7276151e+00  -6.5950781e-01  -9.8825524e-01
   2.0000000e+00  -2.6317207e+00  -5.6316702e-01   1.2194429e+00  -1.4019897e+00  -2.0872788e-02  -4.3973368e-01   8.9103374e-01   1.1888004e+00   9.7666825e-01   9.2591525e-01
   2.0000000e+00  -1.7320996e+00  -1.0377098e+00   8.4000553e-01  -1.5583471e-01  -7.0300878e-01   9.8941825e-01  -4.9480770e-01  -1.0093144e+00   1.3291129e-01  -2.2789234e+00
   1.0000000e+00  -1.7310744e+00  -7.2286240e-01   5.1905660e-01   1.5546841e-01   1.3702561e-01  -6.7023394e-01  -1.2713295e+00  -1.6527393e+00   3.4060524e-01   8.9920511e-01
   2.0000000e+00   1.2733403e+00   5.5044207e-01  -9.3866888e-01   1.8045140e+00  -2.2361788e+00   2.0182135e+00  -2.9443511e-02   7.7229219e-01  -4.9046359e-01  -1.1568852e+00
   2.0000000e+00  -1.4500466e+00  -5.7607364e-01  -1.1799281e+00   8.4988003e-01  -2.6120257e-01   1.0008956e+00  -1.7004935e+00   1.5392512e+00  -1.5836760e+00  -2.4222855e+00
   2.0000000e+00   1.0243573e+00   5.6316067e-01  -8.9897936e-01   5.5641574e-01  -1.2499826e+00  -4.6520216e-01   2.0283175e+00  -1.0972093e+00  -5.3838477e-01   6.9567360e-01
   2.0000000e+00  -3.6996910e-01  -6.5736605e-01   8.1023458e-01  -5.2263635e-01   1.4047078e+00   6.9004122e-01   3.5274827e-01  -1.2805506e+00   1.2941182e+00  -8.2345752e-02
   2.0000000e+00  -6.1456864e-01  -1.5042140e-01   2.2105370e+00   5.0429970e-01   2.1215560e+00  -4.9564761e-01   1.5105238e+00   8.7680138e-01   5.1729364e-01  -7.4702973e-01
   2.0000000e+00  -2.0855085e-01   1.0327047e+00   2.1349897e+00   1.4263749e-01  -1.2879377e+00   9.9224970e-01  -1.0505941e+00  -3.9723241e-01   3.5679206e-01  -2.1101542e+00
   2.0000000e+00   4.2503947e-02   6.6244494e-01   9.9136152e-01   1.9333933e-01  -2.8831586e-01   1.3092805e+00   2.6750574e-01  -8.9962971e-01   1.8417677e+00   1.5758515e-01
   2.0000000e+00  -2.5688159e+00   1.8922994e+00  -6.2563260e-01   5.3734331e-01   8.0600821e-01   1.9195156e+00   1.2958421e-01  -8.7198966e-01  -1.1409746e+00  -1.1423361e+00
   2.0000000e+00  -3.4203965e-01  -6.8769200e-01   9.1207449e-01  -1.0652993e+00   3.6678170e-01  -1.7208403e+00   7.0616377e-01  -4.8837358e-01   5.3004778e-01   8.4353689e-01
   2.0000000e+00   1.0872767e-01  -3.1188393e-01  -2.5753153e-01  -1.3657148e+00  -1.5473886e+00  -1.5783372e+00  -3.0272982e-01   6.1953534e-02   1.0892578e+00  -2.0125386e+00
   1.0000000e+00  -1.9266196e-01  -1.4913430e+00   4.4282170e-01   1.1512993e+00   8.7659503e-01   6.7503198e-01  -2.1691450e+00   1.0106811e+00   1.2153652e-01  -8.3761364e-01
   2.0000000e+00  -1.4231771e+00  -1.7337095e+00   9.7902717e-01  -1.6608628e-01   1.4661217e-01   2.2343741e-01  -4.4681664e-01  -6.9189759e-01   7.8936013e-01  -1.8921773e-01
   1.0000000e+00   9.0652600e-01   1.0946907e+00   3.0276136e-02   9.5524830e-01  -4.1846844e-01   9.1980196e-01   1.4837949e+00  -7.6506320e-01   6.5515277e-01  -1.1140913e+00
   2.0000000e+00   5.2616344e-01  -6.2641329e-01   3.2946161e-01   7.7714488e-01  -4.9950684e-01  -1.3293282e+00  -1.4084049e+00   1.0934679e+00   5.9054762e-01   5.0145303e-01
   2.0000000e+00   1.5339280e+00   7.5684494e-01   8.0332418e-01   1.1280514e-01  -2.2327414e-01   2.3535236e+00  -2.7090048e-02   9.0671745e-01   1.1948854e-01  -6.8798840e-01
   1.0000000e+00   7.8885092e-01   7.5141710e-01   3.6270450e-01  -6.6102736e-01   1.0511052e+00   3.2826158e-01  -1.3148677e+00   8.0581926e-01  -1.2598169e+00  -1.0991184e+00
   2.0000000e+00  -4.1240840e-01   8.9462545e-01  -2.7366497e+00  -7.4305520e-01  -4.6319478e-01  -1.0028054e+00  -4.8202242e-01  -8.5850945e-01   1.2443741e+00  -9.6254259e-01
   2.0000000e+00  -5.8483660e-01   1.3750143e+00   4.2833855e-01  -1.6991354e+00   1.1305681e-01  -1.3765935e+00  -5.4993094e-01   1.6094105e-01   6.8384419e-01   1.4188178e+00
   2.0000000e+00  -8.9856346e-01   3.2956457e-01  -1.0004925e+00   3.7343220e-01  -2.5084731e-01   5.6609122e-02  -2.2521041e+00  -3.3764247e-02  -2.1743964e+00   1.3933820e+00
   2.0000000e+00  -1.4372369e+00  -3.7794844e-01   6.4144613e-01   2.8693994e-01  -1.6019293e+00   7.3278713e-01  -4.5224665e-01   2.8830169e+00   8.9903559e-01   1.3381308e+00
   2.0000000e+00   4.1967950e-01  -1.7548975e+00  -2.5769537e-02  -1.3227966e+00  -1.6850971e+00   1.5923911e+00   6.5830310e-01   2.9949293e-01  -8.4503833e-02   8.1364847e-01
   2.0000000e+00  -1.2961346e+00  -5.1813817e-01   1.4705092e+00  -1.2034407e+00   5.2075609e-01  -2.2174025e-02   1.2363183e+00   3.9535280e-01  -5.5418223e-01  -6.8847671e-01
   2.0000000e+00  -8.3917870e-01   3.5838464e-01  -8.7959483e-01   4.4124910e-01   3.9010597e-01   1.4666711e+00   7.7658513e-01   1.0550222e+00   9.3024614e-01  -4.6872755e-01
   2.0000000e+00   8.4918779e-01   1.0465730e+00  -3.5398190e-02   5.8587957e-01  -5.3826387e-01   8.8621728e-01  -2.0628423e-01  -1.2625792e+00   4.2088080e-01  -7.8244370e-02
   2.0000000e+00  -1.6140096e+00   8.1264002e-01  -5.5716526e-01   1.2602048e+00  -3.4454171e-01  -1.4864395e+00  -2.1833910e-01   4.5342512e-01   3.2506017e-01  -3.5616619e-01
   1.0000000e+00   1.5761832e+00   8.2202665e-01   6.8334368e-01  -4.3675446e-01  -1.2749145e+00  -2.5312456e-01  -1.4165495e+00   3.5554812e-01   7.2574274e-01  -1.2892769e+00
   2.0000000e+00   1.1216605e+00   6.5838633e-01  -5.1454463e-01  -1.3936164e+00   7.8770921e-01  -9.7262678e-01   1.1840157e+00  -7.1935116e-01   1.4158965e+00   6.6276112e-01
   2.0000000e+00  -4.2085919e-01   1.0366847e+00   1.1960399e+00  -1.0714208e+00   6.4803686e-02   1.1310836e+00  -4.9348325e-01   1.7147743e+00  -3.4622097e-01   7.7079966e-01
   2.0000000e+00  -1.1942591e+00   3.8948313e-01  -1.2395770e-01  -5.5759293e-01   1.1562431e+00  -1.3102414e+00   1.0934808e+00  -9.1114534e-01   6.4169321e-01  -5.0593859e-01
   2.0000000e+00  -2.7725328e-01   5.9469773e-01  -3.2828532e-01   4.0613571e-01   1.5642999e-01   1.0685439e+00  -2.0168037e+00  -3.3728724e-01   2.5171865e-02   5.8415251e-01
   2.0000000e+00  -1.4390618e-01   1.3457495e-01   1.3005181e+00   2.1307214e+00  -5.3877193e-01  -4.9675135e-01  -1.3545573e-01  -9.6823751e-01   1.1065964e+00  -3.9277803e-01
   2.0000000e+00   5.0857174e-01  -8.8160155e-01  -8.1913330e-01   5.6820520e-01  -2.7973982e-01   5.7916149e-02  -1.9134863e+00  -1.4574541e-01   2.7656080e-02   1.0149666e+00
   2.0000000e+00  -8.7545682e-01   2.3873393e+00  -3.6213897e-01  -7.6330015e-02   1.1648220e+00   5.0227858e-01   6.1446935e-01  -5.1437345e-01   4.7453092e-01  -4.3804777e-01
   2.0000000e+00  -4.6585534e-01  -1.7327487e+00   2.2482852e+00   7.1407537e-01   1.9042182e+00   1.3958531e+00  -5.9087366e-01  -1.2663774e+00   6.9393175e-01  -2.9296820e-02
   2.0000000e+00  -1.6847922e+00  -2.1105236e+00   1.2317710e+00   1.1887000e+00  -4.0098866e-02  -8.4209594e-01   2.1639412e+00  -7.2435835e-01   1.4018797e+00   9.1899571e-01
   2.0000000e+00   5.1264247e-01  -1.3086013e+00   6.0118585e-01  -2.4924385e-01  -3.0063501e-01   9.5088092e-01   5.8118561e-01  -1.0061976e+00   2.0656509e+00   6.7516335e-01
   2.0000000e+00  -8.6656787e-02  -1.9561386e-02  -2.0837877e+00  -1.0204282e+00   1.6893071e-02   6.3053554e-01  -3.9820936e-01   3.8860384e-01  -2.3788756e+00  -1.8064168e+00
   2.0000000e+00   2.9394808e-01  -9.4667690e-01   1.0798551e+00   7.4723305e-01   1.4773112e+00  -6.0060988e-01  -3.7191706e-01  -6.9936113e-01  -1.0134978e+00  -1.7646298e+00
   2.0000000e+00   1.4672163e+00   2.1300824e-03  -1.4191970e+00   1.0591256e+00   1.4206423e+00   1.9298313e+00  -1.5887307e+00   8.3305844e-01  -1.9545802e+00   1.3290366e+00
   1.0000000e+00  -7.0564659e-01   4.0086019e-01   2.7250832e-01  -1.3289244e-01   8.1752188e-01   3.1696765e-01   6.9444485e-01  -4.8522135e-01  -1.9233864e+00   1.0825324e+00
   2.0000000e+00   2.3632386e-01   3.6229359e-01   2.0800830e-01   4.9295654e-01   9.2061619e-01   1.3555890e+00  -1.1729604e+00   2.8834000e+00  -7.6448173e-01   1.7769212e+00
   2.0000000e+00   1.1582796e+00   2.2556397e-01  -5.4048037e-01  -1.0533791e+00   9.6190481e-01   7.8045121e-01   1.6366325e+00  -4.1669251e-01   2.3828155e+00  -7.8793214e-01
   2.0000000e+00   5.4994110e-01  -1.2131429e+00  -1.4282513e-02   2.7801735e-01   3.1440163e-01  -1.4781303e+00   5.6893127e-01  -1.3636916e-01  -9.4219210e-02   2.2322877e+00
   2.0000000e+00  -6.9210466e-01   1.3481938e+00  -2.0964342e+00  -8.1890847e-01   1.0910528e-01   3.4084557e-01  -6.0619305e-01  -1.8196214e-01   1.0479934e+00  -7.7482369e-02
   1.0000000e+00  -3.1073531e-01  -3.0665970e-01   5.8753307e-01  -1.7585118e-01   2.0446447e+00  -2.8480668e-01   1.0566225e+00   9.0088499e-01   3.6203134e-01   4.2128382e-01
   2.0000000e+00  -2.0156182e-01  -7.9292233e-01  -7.6238393e-01  -1.1575333e+00  -1.5464717e+00   8.2790693e-01  -6.1031389e-01   1.2760623e-02   4.3274537e-01  -8.5008839e-01
   2.0000000e+00  -1.7432631e+00  -5.6588166e-01  -7.7206423e-01   2.6521044e+00   1.2006041e-01   2.2213699e-01  -5.4888378e-01   1.3357228e+00  -2.7372024e+00  -6.4257135e-01
   2.0000000e+00  -5.2812184e-01   1.0925093e+00  -4.6791983e-01  -1.6687306e+00  -6.2081989e-01  -9.0169498e-01  -1.6493294e+00   1.6731394e+00   4.1846267e-01  -6.0553483e-02
   2.0000000e+00  -3.1899091e-01  -1.5718886e+00   6.7607489e-01   8.0805691e-01   8.6252257e-01  -1.2295803e+00   4.4274760e-01  -1.1120363e+00  -1.7594337e+00  -1.8322545e-01
   2.0000000e+00  -1.8226819e-02  -3.3251269e-01  -1.2561201e+00  -6.7330270e-01   4.6723107e-01   3.7327777e-01  -1.4278982e+00  -2.9374959e-01  -5.4317118e-01   7.1759827e-01
   2.0000000e+00   4.4343202e-01  -1.0515587e-01  -1.2406978e+00   4.7542013e-01  -1.3922601e+00  -8.0973449e-01  -1.1979150e+00   1.4908629e-02   8.1776036e-01   2.3846168e-01
   2.0000000e+00  -8.2450677e-01   1.4883185e+00  -1.0387418e+00  -4.5525964e-01   7.3004776e-01  -1.6775185e+00  -5.6300621e-02  -7.2399204e-01   5.2406652e-01   1.2756504e+00
   2.0000000e+00   3.0681438e-01  -2.3287255e-01   1.7536454e-01  -4.5240950e-01  -2.4535328e-01   1.6353324e+00  -5.4980202e-01  -8.6285124e-01  -1.7851410e-01  -8.7575025e-01
   2.0000000e+00  -9.0310371e-01   9.4522702e-01  -5.0994407e-01  -7.8115699e-01  -1.9343582e-01  -2.3056522e-01  -6.9719898e-02   7.8369289e-01  -4.4058498e-01   6.2889513e-01
   2.0000000e+00  -4.1484700e-01   9.4799196e-01   1.3629451e+00  -3.9959617e-01   1.6540515e+00  -1.3533412e+00   1.8286617e+00   6.6611479e-01   3.4270924e-01  -3.2434045e-01
   2.0000000e+00   7.9131980e-01   1.8045926e+00   2.2209823e+00  -1.3492488e+00  -5.1366737e-01   4.3524534e-01   1.1588827e-01  -3.3862749e-02   1.3036979e-01   2.0120469e-01
   2.0000000e+00  -5.1880911e-01  -8.7367655e-01  -8.9579053e-01   7.8884582e-01   5.5114222e-02  -4.9114224e-01   6.6642572e-01  -6.3659838e-01   7.9058593e-01   1.7504081e+00
   2.0000000e+00   5.0013480e-01   3.5467849e-03   1.5314040e+00  -6.0366402e-01   5.3377884e-02   5.0639706e-01  -2.5396895e-01  -7.3398143e-01   1.0713839e+00  -2.2320144e-02
   1.0000000e+00   2.3961983e+00   8.4754839e-01   3.4638825e-01  -1.1951438e+00   5.7380555e-01  -5.9647064e-01   8.1625969e-01   8.6276697e-01   1.0488203e+00   4.8089596e-03
   2.0000000e+00   2.9421613e-01   1.7769941e-01   9.6166623e-01   6.8865533e-01  -5.6529075e-01   9.1734966e-01  -5.7900960e-01  -6.4722200e-01  -1.7432716e+00  -4.3220745e-01
   2.0000000e+00  -4.1396133e-01   1.2353896e+00  -3.2068943e-01  -7.8598128e-01  -3.2324673e-01  -1.5104313e+00   1.3924143e+00  -5.8827613e-01  -1.1748787e+00  -2.7909020e+00
   2.0000000e+00   1.1693835e+00   1.3259400e-01  -5.9427529e-02   6.1757645e-01   1.2948484e+00  -1.5436147e+00   1.7585161e+00  -3.0750445e-01   2.8995700e-01   1.2222934e+00
   1.0000000e+00   3.3432668e-01  -8.5621325e-01   2.1732304e-02   4.0657696e-01   1.4710001e-01   4.7875198e-01  -3.3464877e-01  -5.4239881e-01  -9.4270675e-01   2.3100606e-01
   1.0000000e+00  -1.5105054e-01  -2.0481624e+00   4.7600274e-01  -4.2434390e-01  -9.5221720e-01  -1.8561902e-01   4.4221075e-01  -8.1246417e-01   8.8381609e-01  -1.0016621e+00
   2.0000000e+00   1.6814073e+00   5.2857367e-01   2.0327491e+00  -1.4567749e+00   1.3097051e+00  -4.8682712e-01  -5.9908458e-01   1.6044008e+00  -7.4091926e-01  -5.1961443e-01
   2.0000000e+00  -1.4287862e+00  -4.8577832e-01  -1.7217576e+00  -1.3511088e+00   2.2730022e+00   1.8697121e-01  -2.0936150e+00   1.3935242e-01   2.4186345e-01   1.0124719e-01
   1.0000000e+00   2.7050637e-01  -2.2226676e+00   3.1344882e-01   4.9395393e-01  -4.0686735e-02   5.0849016e-01   7.1515385e-01   1.9633242e-02   1.0575730e+00  -8.5018014e-01
   1.0000000e+00  -1.1546697e-01  -9.7341325e-01   1.8433372e-01   1.1995284e-01  -1.1701249e+00   5.8012404e-01   7.0868239e-01  -1.8901297e-01   2.2916264e+00   5.2569611e-01
   2.0000000e+00  -7.2293655e-01  -2.5410221e-01   9.2912938e-01   1.2678290e-01   1.2475841e+00   1.9971824e+00  -1.4570648e+00   7.1694178e-02   8.8020061e-02   3.6311366e-01
   2.0000000e+00   1.0061143e+00   1.2773078e+00  -8.0809927e-01   1.3603616e+00  -1.5209924e+00   1.8586871e+00  -5.9238035e-01   9.0355804e-02   1.5267227e+00  -2.1370001e-01
   2.0000000e+00  -2.5980317e-01  -4.0974630e-01   1.3259292e+00   1.4399918e+00  -3.8217604e-01   1.8961015e-01   2.1466367e+00   1.5821304e+00  -2.5166781e+00   1.6000288e-01
   1.0000000e+00  -7.1326307e-01  -1.7853833e+00   1.9745292e-01   3.9048379e-01   3.4597622e-01   9.3579023e-02   1.2839202e+00   6.2249107e-01  -4.8694235e-01   1.0450240e+00
   1.0000000e+00  -6.9604596e-01   7.3834259e-01   7.5871683e-02  -4.1022221e-01   1.3845878e-01   2.1906805e-01   6.4575963e-01  -1.5694759e-01  -1.6588092e+00  -4.0202379e-02
   2.0000000e+00  -7.1254516e-02  -3.8024483e-01  -1.3276513e+00   1.3733301e+00   1.6108061e-01   4.4231642e-02   1.6145402e+00   1.3948563e+00   5.0620315e-01  -5.7841778e-01
   1.0000000e+00   1.0005609e+00  -6.7792662e-02   5.1508611e-01  -5.5849750e-01  -1.4345752e+00  -4.2073810e-01  -1.4339504e+00  -8.8029090e-01   4.2260986e-01  -4.1151078e-01
   2.0000000e+00  -7.2027056e-01   8.0224216e-01  -2.1712751e-01   2.5057135e-01  -1.7644616e+00   9.3826982e-01   2.2879428e-01  -9.1716656e-01   1.0671280e+00   6.0779560e-01
   2.0000000e+00   1.2954714e+00   5.6539437e-01  -3.7200614e-01   3.5263600e-01  -1.1160527e+00  -3.9273796e-01   1.6051587e+00   2.3418936e-01  -1.2998762e-02   2.5732512e-01
   2.0000000e+00   9.1970066e-01   4.8941189e-01  -6.7562566e-01  -5.0756794e-01   2.1520445e+00   1.4440411e-01   3.8194968e-01  -1.0359062e+00   8.3965615e-01  -1.2028712e+00
   2.0000000e+00  -6.6823567e-01  -9.1351771e-01  -8.8653025e-01  -5.4782118e-01   1.9503841e-01  -7.0615389e-01  -2.2689076e+00   2.4101956e-01   2.5127882e-01   1.1302092e-01
   2.0000000e+00   1.8467161e-01   1.2081149e+00  -1.0757906e+00   1.2882154e-01   1.2029518e+00  -7.9344114e-01  -9.2169122e-01  -8.2036164e-01  -1.1490887e+00   1.9244090e-01
   2.0000000e+00   2.0480002e+00  -1.4174014e+00  -1.1549792e+00  -7.4919135e-01  -4.5463268e-01   6.6079516e-01   1.2807138e+00   9.6860920e-01  -1.9982590e+00   2.8807336e+00
   2.0000000e+00  -2.0546589e-01   3.6965941e-01  -1.1956412e+00   1.3929632e+00   7.2709622e-01   1.3958118e+00   2.7212571e+00  -7.3652927e-01  -1.3229796e+00   3.9172847e-02
   2.0000000e+00   5.1640806e-02   8.4321933e-01  -2.6485362e-02   1.3919584e-01   4.1704400e-01   6.0922231e-01   3.2492879e-01  -6.7493740e-02   1.5285199e+00   1.7808183e-01
   1.0000000e+00  -2.1869755e+00  -1.7956094e-01   3.1337997e-01   7.4889599e-01  -9.4803985e-01   8.2098034e-01  -1.5012263e+00   1.7969682e-01   5.8935728e-02  -6.0779083e-01
   2.0000000e+00   8.1380557e-01   2.0976586e+00  -5.0894132e-01  -3.8799785e-01   7.0752914e-01  -6.0298715e-01   1.7789804e-01   5.7000624e-01   1.2616701e+00   6.1432874e-01
   2.0000000e+00  -4.1506008e-01  -7.2859270e-01   2.3601024e+00  -2.4813427e-01   7.8944593e-01  -4.3722104e-01   1.4185968e+00  -1.9263037e+00   4.6904189e-01   1.0066145e+00
   2.0000000e+00  -5.8712525e-01   1.2632596e+00  -3.9325202e-01   2.2347963e-01  -9.0185738e-01   3.1741591e-02   6.7143873e-01   1.4715985e+00   1.2653827e+00  -6.3043217e-01
   2.0000000e+00  -7.0474765e-01  -1.1311039e+00  -1.0650169e+00  -1.6974705e+00  -1.9200923e-01  -1.1147395e-01  -8.0217718e-02  -4.4602270e-01  -6.2411594e-01   1.4555697e+00
   2.0000000e+00   2.1666869e+00   7.5077123e-01   9.6681407e-01   2.8129477e-02  -1.5521973e-01   9.5733070e-01   5.3469994e-01  -8.7648148e-03   1.1123342e+00  -1.8398912e+00
   2.0000000e+00  -1.0638254e+00  -1.3615673e-01  -6.6274137e-01  -2.0843906e+00   6.1491334e-01  -9.4318050e-01   9.6261224e-01  -1.3394309e+00  -7.8134771e-01  -6.8918617e-01
   2.0000000e+00   5.3268273e-01  -2.6731139e-01   1.7705673e+00  -1.3163063e+00  -4.3626877e-01  -3.5900873e-01   1.8473851e-01   1.0882446e+00  -9.9378075e-01  -7.6883237e-01
   2.0000000e+00   1.3831441e-02  -3.2625005e-01  -9.9635468e-01  -4.1882308e-02  -6.6593326e-01   1.6646638e-01   1.6608213e+00   2.6372205e+00  -3.8640692e-01  -7.4700959e-01
   2.0000000e+00   8.0209388e-01   1.4081221e+00   1.3327133e+00   3.0281315e-01   7.4385196e-01   1.1465062e-01   3.3839500e-01   1.3141904e+00  -6.5980915e-01  -6.7493138e-01
   2.0000000e+00   5.9220548e-01  -2.0893908e-01   8.2454261e-01  -1.4790765e-01  -1.4786414e-01   1.2995174e+00   1.2602076e+00   3.9048374e-01  -5.8263553e-02  -2.8091314e-01
   2.0000000e+00  -8.1426636e-01   3.0120207e-01   7.6658827e-01  -8.1265642e-01   2.4829205e-02   2.7656086e+00  -6.2632075e-01   2.6497111e-01   1.0454793e+00   1.4553420e+00
   2.0000000e+00  -8.8798092e-01  -4.2089176e-01  -1.6144141e-01   1.0535044e+00   6.0708347e-01  -4.8830249e-01   1.0169245e+00  -1.3660565e+00  -4.9479187e-01  -3.0927928e-01
   2.0000000e+00  -3.1189747e-01  -1.2990022e-01  -6.8849329e-01   1.0576408e+00  -3.4029420e-01  -1.7357050e-01  -1.1794250e-01  -1.0881420e+00   3.4180134e-01   1.7961036e+00
   2.0000000e+00  -1.7969470e-01   5.1102122e-01  -9.1277417e-01   1.0602238e-01   2.2674614e+00   5.3243854e-01  -1.4048420e+00  -1.6514090e-01  -1.4090595e+00  -1.8227777e+00
   1.0000000e+00  -1.6095189e-01  -6.2631469e-01   2.4978423e-02  -5.7443215e-02   2.5153684e-01  -6.4386632e-01   1.4558759e+00  -1.4792186e+00  -1.1011371e+00  -8.9172722e-01
   2.0000000e+00  -2.7434877e-01  -1.6643804e-01  -6.1629986e-01  -2.3141172e-01   7.5381617e-01  -1.4746419e-01   8.5503457e-01  -8.6620479e-01  -1.3468643e+00   6.3104411e-02
   2.0000000e+00  -3.3768917e-01  -6.8385080e-01   1.1154033e+00   1.3733105e+00  -7.9784150e-01   1.6990837e+00   2.0470142e+00  -7.9535981e-01   5.2853608e-02  -1.4424343e+00
   1.0000000e+00   4.8198958e-01   4.7381538e-01   4.2350714e-01   1.8688036e+00   2.0356415e+00  -2.2754244e-01   8.2597411e-01  -7.5084769e-01  -2.0442229e+00   1.0950470e-01
   2.0000000e+00  -2.3432687e+00  -9.1021659e-02  -8.8048140e-01  -5.2432131e-01   5.3771226e-01  -3.0830271e-01   5.8107660e-01  -7.2953984e-01   6.2121950e-01  -1.0417888e+00
   2.0000000e+00  -5.1177333e-01  -6.6562034e-01  -4.9403757e-01   5.9689735e-01   1.0060719e-01   3.4548379e-01  -7.6255127e-01  -5.1079417e-01   3.0997053e-01   1.0178637e+00
   2.0000000e+00  -6.2386686e-01  -9.9085333e-01  -1.0741905e+00  -2.2516941e-01  -5.2531111e-01  -3.6674652e-01   6.4046944e-01   1.6351277e-02  -3.7142872e-01   1.6311747e+00
   2.0000000e+00  -3.8902314e-04  -9.8818030e-01   4.6716386e-01  -1.8363556e+00  -2.7426811e-01  -1.8945870e+00   2.8261192e-01   4.2697169e-01   1.7369648e+00  -2.7164219e-01
   1.0000000e+00  -1.7161989e-01   1.3276755e+00   3.8272985e-01   1.5502385e+00   2.1341401e+00   2.9861493e-01  -3.1783437e-01  -1.4714267e+00   1.5595908e+00  -2.8343381e-01
   2.0000000e+00   8.1053373e-01  -1.0109446e+00   1.0853666e+00   1.2924755e-02   5.2305191e-01   2.3488217e+00   1.0682811e+00   1.8251203e+00   7.4177396e-01  -2.3144709e-01
   2.0000000e+00   1.3841496e+00  -9.6260102e-01   3.9176508e-01  -1.1271811e+00  -5.7814209e-01   1.7618752e+00  -1.6583163e+00   1.0813383e+00   1.2941203e+00   4.2602673e-01
   2.0000000e+00   5.8857414e-01  -8.1567030e-02  -5.0493759e-01   2.2080273e-01  -7.1143004e-01  -7.7347996e-01  -2.1109325e-01  -1.2462135e+00   7.6579003e-01  -1.7165042e+00
   2.0000000e+00  -3.7084513e-01  -6.9457256e-01   1.0930899e+00  -6.5508779e-01   7.2792087e-01  -3.3029279e-01  -1.5583115e+00   3.2953673e-01   7.8541421e-01  -9.6087833e-01
   2.0000000e+00   1.2878695e+00  -1.2952763e+00   7.6761999e-01  -1.8391378e+00  -1.2731746e+00   2.6235596e+00   6.3782246e-01  -1.2528249e+00   7.9490817e-01  -4.6374891e-01
   1.0000000e+00   1.6638233e+00  -3.5182775e-01   2.1842745e-01   8.4213041e-01  -6.0362640e-01  -3.1324862e-01  -1.1363626e+00  -6.9932831e-01  -7.7214245e-01  -1.8843077e-01
   2.0000000e+00   1.4751281e+00  -2.3591858e-02  -2.4169045e+00   1.9458103e+00   1.7951930e-01  -1.2663088e+00  -1.8330033e-01   1.1988003e-03  -1.4810129e-01   9.5768939e-01
   2.0000000e+00   9.2705805e-01  -7.2456413e-02   2.0465889e+00   4.4261507e-01   1.3892500e+00   2.2191027e+00   2.7786057e-01   1.5532054e+00  -7.6836547e-01   4.2149208e-01
   2.0000000e+00   2.3887264e-01   1.0117728e-01   5.4805741e-01  -4.5742227e-01   1.0993341e+00  -1.1117460e+00   1.1569536e+00   5.3229163e-01  -1.1021009e+00   1.0101381e+00
   2.0000000e+00   1.6382429e+00  -2.2015062e-01   8.9632753e-01   1.2707651e+00   1.4007414e+00   4.5183895e-01   1.4062180e+00  -1.0633371e+00  -1.1399743e+00   4.4205783e-01
   2.0000000e+00  -1.1944855e+00   3.9830979e-01   1.0378517e+00   8.7611604e-01  -1.0967060e-01  -6.4520807e-01   1.4267898e+00  -8.7407864e-01  -1.0480775e-02   1.1859145e+00
   1.0000000e+00   1.2157942e-01   2.0077284e+00   1.2431086e-01   7.8152614e-01  -1.1241588e+00   4.5521556e-01  -5.7943137e-01  -8.5016807e-01   5.8109205e-01   1.3377349e+00
   1.0000000e+00   2.9819792e-01  -2.8310308e-01   1.3917765e-01  -1.2436997e+00  -4.6605233e-01   3.6453561e-01   1.4059358e-01  -1.8518371e+00   1.4524640e+00  -8.9943770e-01
   2.0000000e+00  -5.4140169e-01  -1.2318647e+00   2.3569544e+00   1.0402035e+00   9.7722330e-02   8.6824192e-01  -3.6703235e-01  -7.9018364e-01  -9.7961538e-01  -1.3272732e+00
   2.0000000e+00  -3.9915592e-01  -2.5994381e-01  -2.3590996e+00  -2.0689288e+00  -6.4555621e-01   8.4272786e-01  -1.0315882e+00   1.4471441e+00   1.2270260e-01  -3.4739381e-01
   2.0000000e+00   1.0993171e+00  -8.3789974e-01  -2.1235989e-01   4.7867860e-01  -1.1956683e+00   2.2561007e-01   1.9630349e-01  -1.1076849e+00   3.0910027e-01  -2.2978230e-01
   2.0000000e+00   1.0195479e+00  -8.7527968e-01   5.1747258e-01  -1.1518361e-01   6.1039120e-01   1.1332861e+00  -6.9664379e-01  -7.6348823e-01  -6.1721284e-03   2.8404720e-01
   1.0000000e+00   1.0613282e+00  -3.7369975e-01   1.4235520e-01  -2.9122137e-01   2.6387698e-01  -3.0731499e-01  -6.7053650e-01   1.8332933e+00  -1.0352188e+00  -5.8746282e-01
   2.0000000e+00   5.5107739e-01   1.1404353e+00   1.0483465e+00  -1.2007122e-01   1.2473599e+00   4.7992408e-01  -9.9135963e-01   5.5397388e-01   5.6498222e-01   1.2937579e-01
   2.0000000e+00  -4.1008207e-01   9.3244067e-01  -3.6136932e-02  -2.4272857e+00   1.0614230e+00  -7.5391856e-02  -7.3450331e-01  -5.2984598e-02  -8.2657702e-01  -4.5853471e-01
   2.0000000e+00   3.2758025e-02   1.0548379e+00  -2.3049511e-02   1.2369678e-01  -1.3754046e+00  -1.0282006e-01  -7.2658531e-01   9.8506903e-01  -1.5494937e-01   1.4936832e-01
   2.0000000e+00   7.2900133e-01   7.5730235e-01   1.2496042e+00   1.0420409e+00   4.7896070e-01  -3.6358299e-01  -3.8660204e-01   1.5474982e+00   4.9375954e-01   1.3054355e+00
   2.0000000e+00  -4.1907491e-01  -8.1985334e-01  -1.3612234e+00   4.5019351e-01   4.2339421e-01  -1.6787152e-01  -1.9610635e+00   1.6193489e-01  -5.6083165e-01  -9.0281660e-02
   2.0000000e+00  -3.4284466e-01   1.6669327e+00  -1.2561503e+00   3.7137088e-01  -4.2552300e-01   6.5979651e-01  -3.1187303e-02   1.9033516e+00   3.6301999e-01   1.0656783e+00
   2.0000000e+00   4.2720881e-01   7.9973981e-01   6.3815861e-01  -3.2545437e-01  -8.8089623e-01  -1.4618896e+00   1.3779342e+00   4.2690210e-01   3.8481542e-01   1.2216117e+00
   2.0000000e+00  -3.7790347e-01  -3.2595905e-02  -7.5643943e-01  -1.8986894e-01   9.6361663e-01   1.0274156e+00   1.8091400e+00  -6.8183184e-03   1.2836539e+00   3.4494553e-01
   2.0000000e+00   1.4949791e+00   1.0800129e+00   1.4300129e+00  -1.3639713e+00  -1.8153915e-02  -1.1096757e+00  -1.0522046e+00   1.3096086e+00  -6.3405821e-03   9.2461713e-01
   2.0000000e+00  -1.3878470e-02   2.1200134e+00  -1.9301203e+00   1.9618923e+00  -1.5534077e-01  -1.0836294e+00   1.9206630e+00  -1.7038775e+00  -2.9631740e+00  -4.7916042e-01
   2.0000000e+00  -1.2320176e+00   1.4608366e-01  -1.3569545e+00   7.0506644e-01  -2.0120625e-02  -1.2151469e+00   2.3099402e+00   1.7641477e-01  -2.8197833e+00   8.1377146e-01
   2.0000000e+00   7.9909952e-01   6.3244255e-01  -2.3909659e+00  -3.8311455e-01   3.1731174e-01  -7.9154485e-01   2.8955658e-01   1.4313111e+00  -4.4889671e-01  -5.7806810e-01
   2.0000000e+00  -7.5293646e-01   3.8385066e-01   8.8457704e-01   8.7011143e-01   1.3887173e+00  -2.1359582e+00  -1.6074126e-01   4.4183039e-01  -7.7256973e-02   6.1277298e-01
   2.0000000e+00  -8.4348835e-01  -4.8638303e-01   2.2209991e+00  -4.1564284e-01  -8.6447726e-03  -1.9738239e-01   4.6567783e-01  -5.3644108e-01   6.7927969e-01   1.5830782e+00
   2.0000000e+00  -6.8562747e-01   1.1939546e+00  -2.3090672e-01  -3.0595594e-01  -1.8818680e+00   6.2811025e-01  -1.2391439e+00  -1.7112854e+00   3.2152251e-01  -1.7869670e+00
   2.0000000e+00  -5.4208608e-02   2.4785399e+00   4.5115883e-01   7.8092244e-01   7.2518804e-01  -1.4828151e+00   2.1880486e+00   7.0168680e-01  -1.3937128e+00   8.9398408e-01
   2.0000000e+00  -2.3984879e-01  -1.4488198e-02  -1.3073702e+00  -2.4887200e-01   4.7003593e-01  -1.0453220e+00   2.1712985e-01   1.9421782e+00  -6.0397469e-02   1.9556473e-01
   2.0000000e+00   1.4965594e+00  -8.1150678e-01  -4.4810262e-01   1.0694447e+00   9.1871353e-01  -7.4142794e-01   1.1904470e-01  -7.2421224e-01   5.6052735e-01  -1.3086568e+00
   2.0000000e+00  -5.8281231e-01  -1.4775950e+00  -1.4868894e-01   1.3931410e+00  -1.6851414e-01  -1.0623575e+00  -5.9776042e-01   3.4300489e-01  -1.0461674e+00  -2.9943854e-01
   2.0000000e+00   5.4355807e-01   2.0595702e+00  -1.0680308e+00  -9.3648638e-01   6.9543360e-01  -1.1282616e-01   8.7565375e-02  -5.0175822e-01   8.6455899e-01   1.3415330e+00
   2.0000000e+00   7.8922484e-01  -8.7448711e-01  -8.8652360e-01  -1.1673619e+00  -3.6550582e-01  -8.9775016e-01  -5.7503248e-01  -1.6802833e-01   1.1331749e+00   2.1625309e-02
   2.0000000e+00  -1.0668771e+00   4.1984032e-01  -6.0165046e-02  -9.0003522e-01  -1.6489125e+00   1.5757851e+00   8.7988827e-01  -3.2425948e-01   2.5553225e-01   1.4550110e+00
   2.0000000e+00  -2.8833146e-01   3.1317683e-01   2.4208421e+00  -4.5102958e-01  -1.0821845e+00   2.6005918e-01  -1.5490186e+00   1.8141837e+00   2.6921313e-01   3.7344983e-01
   2.0000000e+00  -1.4446015e+00   3.5252980e-01  -6.3846553e-01  -1.6480951e+00  -1.0283407e-01  -1.7288141e+00   5.3027332e-01   7.7271170e-02   2.4263401e+00   5.9441208e-02
   2.0000000e+00  -1.0944570e+00   2.5013260e+00  -1.5072594e+00   1.1196568e+00  -3.5382055e-01  -2.0019520e-02  -9.2357858e-01  -3.4230771e+00   5.3064295e-01   2.4652844e-01
   2.0000000e+00   1.0424374e+00   3.8938214e-01  -1.7835875e+00  -5.4439643e-01  -8.2819516e-01  -3.2125797e-01  -7.6017746e-01   1.0416844e+00   3.2388314e-01  -5.0030069e-01
   2.0000000e+00   4.7366554e-01   5.4857051e-01  -1.6228219e+00  -1.4090263e+00   6.1489476e-01   1.2336614e+00  -3.3299800e-01  -1.6054256e+00   3.4935577e-01   7.2982196e-01
   2.0000000e+00  -1.4585360e+00   1.1263124e+00   7.7257929e-01   8.1943029e-01   1.3077634e+00   1.8584215e+00  -7.4757232e-01   1.1822248e+00   9.0887491e-01   2.3408479e-01
   2.0000000e+00  -5.7049480e-01  -8.3786947e-01   8.2113577e-01  -2.2629811e-01  -2.6572691e-01   9.2206879e-01   2.0871166e+00  -1.1218696e+00   1.4200917e+00  -1.4063942e+00
   2.0000000e+00  -3.2736612e-01   1.9564730e-01  -8.0989019e-01  -1.6368819e+00   2.5522212e-01  -3.0803506e-02  -2.5079369e+00  -1.9557131e+00  -7.1401102e-01  -7.9160706e-01
   2.0000000e+00  -1.6962094e-01  -1.2685382e+00  -2.2897966e+00   7.7602042e-01  -1.7587889e+00  -4.1969950e-01  -1.4043104e+00   5.3809568e-01  -4.1560177e-01  -8.1140740e-01
   2.0000000e+00  -1.9606387e-01  -5.0581698e-01  -1.0375479e+00  -3.2792745e-01  -4.1669282e-01   1.4473341e+00  -2.9496101e-01   1.5603068e+00  -2.1125542e+00  -7.2736717e-02
   2.0000000e+00  -8.6912377e-01   7.4241053e-02  -8.5578284e-01  -1.8636759e+00  -1.0132633e-01  -3.2459919e-01  -2.7546010e-01   1.3764217e-01   2.2795621e-01  -1.1215182e+00
   2.0000000e+00   1.8224310e-01  -1.8170929e+00  -5.8869532e-01  -1.0144048e-01   1.3942092e-01  -2.1929385e+00   1.3465850e+00   1.1630652e+00   1.6175534e+00  -1.1748556e+00
   2.0000000e+00  -3.8722385e-01  -1.0999123e-01   3.4740464e-01   1.7328304e-02   6.1720584e-01  -9.6546774e-01   3.6492412e-01   5.0178038e-01  -1.4314454e+00  -1.4225541e+00
   1.0000000e+00   4.1912409e-01   4.2909759e-01   4.5836499e-01  -5.0664997e-01  -1.0750335e+00  -6.1278484e-01   2.2325737e-01  -9.1208869e-01  -1.5601044e+00   1.1298529e+00
   1.0000000e+00   1.2955644e+00  -2.7356024e-01   8.7186409e-01  -5.3958763e-02  -1.1726517e+00   2.1110416e-01   1.1877393e+00  -1.6960588e-01  -2.4059456e-01  -9.7680547e-02
   2.0000000e+00   1.0037672e+00  -1.2887803e+00  -6.1039012e-01   1.8705048e-01  -1.3991571e+00   6.0180635e-01  -1.2567121e-01   8.2180273e-01   4.4409878e-01   2.0028032e+00
   1.0000000e+00   6.2843440e-01   1.3638938e+00   2.9459120e-01   5.8242389e-01  -1.5798417e+00  -5.7504348e-01   8.0431303e-01   5.9994873e-01  -2.2682437e-01   1.3745568e-01
   2.0000000e+00   5.2828785e-01   7.8492884e-01  -1.3187771e+00   1.8228559e+00   1.0497681e+00  -1.4745593e+00  -6.2757454e-01   7.6266858e-01  -1.4943237e+00  -2.3358905e+00
   2.0000000e+00   1.9888565e+00  -1.3522972e+00  -1.7467322e-01  -1.7110349e-01  -1.0145580e+00  -9.1390319e-01   1.0446269e+00   9.6334802e-01  -1.8588078e+00  -2.2476881e+00
   2.0000000e+00  -6.5740981e-01   5.6319333e-01   1.3423331e+00  -1.3948115e+00   4.8810678e-01   9.4529161e-01  -1.6338141e+00  -8.3637468e-01  -2.0240714e+00   7.2282565e-01
   2.0000000e+00   7.9827475e-01  -9.6494954e-01   9.9770361e-01   1.0098218e+00  -6.7731277e-01  -4.1750702e-01  -1.0917185e+00   1.1834319e+00  -2.8360061e-01   1.2404624e+00
   2.0000000e+00  -6.2807262e-01  -7.6405033e-01   7.5245054e-01   1.1187472e+00  -2.2263607e-01  -6.7427997e-01  -1.7394360e+00  -9.9316460e-02   2.4011781e-01  -7.7823528e-01
   1.0000000e+00  -7.7860761e-01   6.0120168e-01   4.7266566e-01  -4.5809799e-01   1.2520012e+00   3.0187867e-02   4.8188567e-02   6.3429739e-02   1.6687822e+00   7.4285183e-01
   2.0000000e+00   2.4439575e+00  -5.6232186e-01  -8.9745111e-01   3.9477738e-01  -5.7408287e-01  -1.2290759e-01  -3.8309059e-01  -6.6557983e-01  -4.4074614e-01   2.3093050e-01
   1.0000000e+00   4.3656046e-02  -4.5314224e-01   4.3475750e-02  -1.8912544e+00   5.6673030e-01  -5.6604422e-01  -1.1896781e-01  -3.5331226e-01   1.0312003e+00  -1.0368866e+00
   2.0000000e+00  -8.4917103e-01   2.4136738e-01  -3.1287833e-01   6.0711652e-01   9.4287765e-01  -9.1660186e-02   5.2941520e-01   5.4877680e-01  -6.4306713e-02  -4.0811197e-01
   2.0000000e+00  -1.1792508e+00   3.1577536e-01  -9.2390385e-01   7.1714342e-01   1.4020545e+00  -2.1438177e+00  -1.6402366e+00   2.7736799e-01   8.2981988e-02   1.4108894e+00
   2.0000000e+00   1.1981159e+00   1.7953933e+00  -1.9819067e-01   3.0161794e-01   1.5343208e+00  -3.1393716e-01  -9.1366091e-02   6.2215554e-01   3.7125001e-01  -1.2582035e+00
   2.0000000e+00  -8.7735957e-01  -8.4345807e-01   1.1332847e+00   1.0493641e+00   1.2296847e+00  -1.0479870e+00  -4.7149378e-01   1.3615963e+00  -7.4234696e-01  -2.5131397e+00
   2.0000000e+00  -9.5472162e-01  -3.7907154e-02  -2.7080575e+00   2.3510346e-01   6.8108449e-01   2.1720283e-01  -4.3598521e-01   3.0760351e-02   3.6390858e-02   5.7567972e-01
   2.0000000e+00   1.6590559e+00  -9.1302925e-01  -5.8527267e-01  -1.1295996e+00  -2.1548220e+00  -1.6219207e+00   5.0919727e-01  -6.1832657e-01  -7.7369791e-01   3.2606844e-01
   2.0000000e+00   3.1326402e-01   9.8990065e-01   6.0957152e-01  -2.2985061e-01   1.7884009e+00  -1.4809355e+00   1.3416990e-01   9.3601120e-01   1.0639214e+00   2.3509929e+00
   2.0000000e+00   1.8069394e+00  -1.8194404e+00  -1.8362648e+00   8.4566327e-01  -2.5216152e+00   1.7846523e-01   3.4063350e-01  -7.7593350e-01  -9.2844353e-01   2.5269722e-01
   1.0000000e+00  -7.2041367e-01  -9.3502191e-01   2.8394556e-01  -1.4500613e+00   9.1008705e-01  -4.4580876e-01   1.7200329e-01   1.3804740e-02   6.3995784e-01  -1.0500727e+00
   2.0000000e+00  -9.1071550e-02  -6.6217036e-02  -3.4577321e-01  -8.6482370e-01  -9.6060082e-01   9.8674765e-01   8.8199067e-01  -8.5482770e-01   1.0035385e+00  -3.5504797e-01
   2.0000000e+00   5.9354987e-01   1.4973242e+00   1.5029448e+00  -6.5878067e-01   3.7892146e-01  -3.6246477e-01  -5.4170269e-01  -5.9640847e-01  -6.0208227e-02   1.1660357e+00
   2.0000000e+00  -1.2433647e+00  -1.5961903e+00  -6.1256257e-01   9.7252513e-01   1.9094248e-01   3.2740938e-01  -3.3343386e-01   1.9466534e-02  -1.2379977e+00   1.0607672e+00
   2.0000000e+00   1.0321109e+00   8.3713271e-01   5.6163648e-01   6.9113879e-02   1.1073473e+00   1.1513723e+00   1.1960028e+00  -3.7244740e-01  -5.0064886e-01   3.4036867e-01
   2.0000000e+00   2.6508955e-01   3.0980740e-01  -1.3823036e+00   1.4128447e+00   1.3503775e+00   3.0650028e-01  -1.0580107e-01  -1.2311664e+00  -7.9541540e-01  -1.9560691e+00
   2.0000000e+00  -1.8256156e-01   1.9726175e+00   1.3202257e+00  -3.9000657e-01   1.1366333e+00   2.6680299e-01   7.1906074e-01  -8.8107295e-01   3.8536009e-01   4.4524376e-01
   2.0000000e+00  -8.1131895e-01  -1.4404930e-01  -1.7688838e-03  -1.5477013e+00   8.3516825e-01   3.1399023e-01  -4.2462625e-01   7.7222183e-01   5.4785179e-01  -2.8704470e-01
   2.0000000e+00   3.2956576e-01   9.2467882e-01  -5.2137574e-01   3.7757798e-01  -6.3867263e-02  -2.1820604e-01  -1.0648326e+00  -8.9422147e-01  -4.1349889e-01   9.0938521e-01
   2.0000000e+00  -3.0224052e-01   5.1208911e-01  -3.1255281e-01  -1.0184079e+00   1.1409998e+00   1.2920908e-01   1.2531046e+00  -8.6066606e-01  -1.5640146e-01   4.4973585e-01
   2.0000000e+00   3.5167362e-01   9.9008730e-01   9.5143418e-01   7.9642004e-01   1.4269928e+00   1.2464478e+00   1.6108316e-01   2.8012036e-01  -2.7984825e-01   9.6961963e-01
   2.0000000e+00  -1.1526643e+00   7.7946650e-01  -8.3571539e-01   9.6619147e-01   4.2199796e-01   1.2466422e+00  -3.3343134e-01  -3.7780064e-01   4.1328080e-01   3.8044014e-01
   2.0000000e+00  -1.3774411e+00   1.8147683e+00  -1.0127310e+00  -6.9069253e-01  -3.9806196e-01   9.0018923e-01   1.0660317e+00   1.5368088e+00  -2.0962027e-01  -9.9864009e-01
   1.0000000e+00  -8.2093364e-04  -1.0809634e+00   1.3166590e-01   1.6620478e+00  -1.0201193e-01   3.3896242e-01  -9.3726828e-01   3.7747247e-01  -6.6938948e-01  -1.8405870e+00
   2.0000000e+00  -1.4176660e+00   6.1253314e-01  -6.8008973e-01  -4.4974148e-01  -4.4383071e-01  -9.6597387e-01  -1.1974726e+00   1.2059553e+00  -2.1048985e+00   1.6285677e+00
   1.0000000e+00   2.0097076e+00   2.3937071e-01   9.0232427e-02   1.4144413e-01  -8.1104669e-01   1.1895894e-02  -1.8349402e+00   9.1877832e-01  -1.6638704e+00   7.4848995e-01
   2.0000000e+00   8.1469308e-01  -6.2272709e-01   1.3848438e+00  -2.0909825e-01   5.9276190e-01  -8.9049850e-01   6.5215460e-01  -1.0622152e+00  -9.0908415e-01   1.2469451e-01
   2.0000000e+00   1.8801103e-01   4.3180147e-02  -6.1675689e-01  -8.6697498e-01   1.8320231e-01  -4.7301814e-02   8.4968232e-01   3.6614851e-02  -2.8924379e-01  -2.2053342e+00
   2.0000000e+00   4.4670396e-01  -2.1906910e-01  -1.1213444e+00   2.7474447e-01  -2.4672272e-01  -2.3483268e-01  -3.9947863e-01  -3.0635747e-01   1.6319040e-01   2.4348424e+00
   2.0000000e+00  -1.5235856e-01  -1.9084279e-02  -8.3005289e-02  -2.9195118e-01  -3.2664751e-01   1.0696173e+00   9.1315758e-02   2.6114755e-01  -1.0523859e+00   1.7672302e+00
   2.0000000e+00   3.4595273e-01  -6.4125640e-02  -1.3079969e+00   2.0117429e+00   1.9317771e+00  -6.3424420e-01  -9.6660592e-01   5.7036616e-01  -9.8983236e-01   8.9404010e-01
   2.0000000e+00  -7.3889055e-01   4.0387752e-01   1.1227390e+00   3.1614735e-01  -8.5539898e-01  -1.4288529e+00   2.4291546e-01   1.1939653e+00   1.6826626e+00   6.0550056e-01
   2.0000000e+00   3.0509699e-01  -4.4239603e-01  -7.0075787e-01   3.0069182e-01   4.7279394e-01   1.2635826e+00  -1.3624607e+00  -6.2984255e-01  -6.1428920e-01   1.7750358e+00
   2.0000000e+00  -7.2776084e-01  -5.1650427e-01  -3.2266336e-01  -3.1565366e-01   1.3535987e+00  -2.5689598e-01  -9.0932518e-01  -3.4546743e-01   4.6160244e-01  -2.0432655e+00
   2.0000000e+00  -1.1762318e+00   5.3371445e-01   5.7306827e-01   1.1071852e+00  -9.8978504e-02   1.0588419e+00  -1.5961883e-01   8.3016990e-01   6.6406660e-01   1.0739157e+00
   2.0000000e+00  -5.5742554e-01   1.3084125e+00   2.1992270e+00  -8.0759427e-01   5.6018078e-01  -1.2557452e-01  -4.6757709e-01   1.7812145e+00   1.1149691e-01  -3.2821475e+00
   2.0000000e+00   1.2188592e-01   2.2097023e-01  -7.9739483e-01   1.4093339e+00   6.1374724e-01  -4.9014326e-01   8.8049041e-01   2.3209117e-01  -2.2547263e-01   1.8660816e+00
   2.0000000e+00   2.2127897e+00   8.9540820e-02  -6.3978966e-01  -6.9944146e-01  -1.9289258e+00  -6.0523272e-01   8.1090508e-01   7.5005398e-01   7.1571767e-01   5.5578279e-01
   1.0000000e+00   1.2017098e+00   9.7468803e-01   2.3021151e-01   2.3459971e+00  -2.8082450e-01  -4.2979367e-01   8.7709523e-01   7.3165620e-01  -7.8187943e-01   3.2501004e-01
   2.0000000e+00  -1.6597976e-01   6.1638796e-01   9.1955938e-01   3.6544521e-01   2.6083566e-02   9.2695704e-01  -1.0566475e-01  -7.3217373e-01  -1.3935481e+00   2.8508322e-02
   2.0000000e+00  -6.4313640e-01  -9.6638876e-01  -9.7827384e-01  -9.8190529e-01  -1.0175056e+00   3.4275032e-01   1.1387691e+00  -4.1530056e-01   6.5967694e-01   1.0797265e+00
   1.0000000e+00  -6.1399182e-01   2.1820218e+00   7.2622306e-02   8.9278329e-01   1.0697246e+00   2.1236714e-01  -2.9438161e-03   8.3753590e-01   2.0698960e+00   1.3966243e+00
   2.0000000e+00  -2.6988837e-01  -2.2085547e-01  -1.4464988e-01  -2.4054989e+00   1.7569344e+00  -1.0635834e+00  -9.2707934e-01  -4.6558669e-01   2.3163375e-01   1.6056319e-01
   2.0000000e+00  -1.0745784e+00  -1.1565618e+00   6.9983535e-01   9.3832371e-02   9.4558204e-01   9.6745213e-01  -1.4475044e+00   1.8850639e+00  -4.1181574e-01  -1.9207936e+00
   2.0000000e+00   1.5935101e+00   6.4409687e-01  -3.1643207e-01   1.0248496e+00  -6.3980610e-01   1.8166766e+00  -3.0588050e-01  -1.1014908e+00  -9.3531799e-01  -3.2315128e-01
   2.0000000e+00   1.7573105e+00   9.2053838e-01  -6.6732426e-01  -2.3957865e-01  -2.0775603e+00  -1.4494615e-02  -6.0371321e-02   2.4692116e-01  -1.9723556e+00  -1.3310019e+00
   2.0000000e+00  -2.1265667e+00   7.2401221e-01  -4.6226304e-01  -1.8599222e+00   1.9063947e+00  -6.3329256e-01   7.1076693e-02  -1.0160215e+00  -7.1369913e-01   1.5154500e+00
   2.0000000e+00  -2.1007120e-01   6.0008643e-01   4.4034335e-01  -1.0495314e-01   4.5870699e-01   1.5082764e+00   1.1285080e-01  -1.5032469e+00   1.5902597e-01   1.7954634e+00
   2.0000000e+00   1.8595956e-01  -2.8826926e-01   1.2380616e+00  -1.4539054e+00   2.9379811e-01  -2.2628285e+00  -4.2069737e-01  -5.5500026e-01  -1.1920555e+00   1.7462522e+00
   2.0000000e+00   1.2312434e+00   1.3265705e+00  -1.6226989e+00  -1.2363484e+00   2.5306871e-01   7.6385614e-01  -5.0968966e-01  -1.0013823e+00  -4.9696667e-01   3.1341790e-01
   2.0000000e+00  -5.0503255e-02  -1.9544984e+00  -1.0923927e+00   4.3068706e-01  -8.0087300e-01   9.8093185e-01   4.7218113e-01   1.9814778e+00  -2.7505780e-01  -6.3754636e-01
   2.0000000e+00   1.9495928e-02   3.5102504e-01  -2.3055794e-01  -2.8662735e-01   1.9830161e-01   5.0123732e-01  -7.4483615e-01   8.7887117e-01  -4.4597559e-01  -1.8954577e+00
   2.0000000e+00  -2.5564671e+00  -1.6062194e+00   5.1599983e-01  -1.9032249e+00   8.9551021e-01  -1.8889056e+00  -5.9831549e-01   3.0544313e-01   1.6460300e+00  -1.8834002e-01
   1.0000000e+00   4.7770266e-01  -2.3329274e-01   5.9680062e-01   4.1395062e-01  -2.0771214e-02   5.5398212e-01   5.9924266e-01   4.3726592e-01  -6.8607498e-01   6.7295539e-01
   1.0000000e+00   3.6754734e-01   3.5941997e-01   5.6363772e-02   1.9349471e-01   9.6349761e-01   7.0950492e-01   4.3867429e-01   8.9913902e-01  -1.9711608e-01   3.3848799e-01
   2.0000000e+00  -6.1763768e-01   9.8426482e-02  -8.6247752e-01  -9.4143123e-01   5.0770329e-01  -7.3341121e-01   2.6731762e-01  -9.5669055e-02   3.2723456e-01  -5.1688052e-01
   1.0000000e+00  -8.7367218e-02  -1.0222820e-01   5.8390832e-01  -1.8140706e+00   3.9209757e-01   6.0172456e-01   1.6770365e+00  -7.1047097e-01  -1.7829705e+00   1.0504934e-01
   2.0000000e+00   7.1127329e-01   1.1771490e+00   1.2715551e+00  -6.3100454e-01   1.4852996e+00  -1.3712877e-01  -8.4125737e-01  -5.8569559e-01   7.2005127e-02  -7.3869874e-01
   1.0000000e+00  -1.1899424e+00   9.3706472e-01   1.4544390e-01  -3.5035225e-01   3.3829733e-02  -6.2990935e-01  -1.4747070e+00  -4.9615258e-01  -8.2701919e-01   1.9042347e+00
   2.0000000e+00  -1.1241216e+00  -1.3390152e-01  -5.6747270e-01  -3.9001837e-01  -2.5713633e-01   3.0036490e+00   1.0123885e+00   3.0338436e-01   1.0118476e+00  -9.4763980e-01
   2.0000000e+00   7.2150124e-01  -2.3381154e-01   8.9083990e-01   2.1142095e+00  -1.0559358e+00   2.4914678e+00  -2.0760702e+00   9.0672168e-01   5.8191763e-01  -3.0144531e-01
   1.0000000e+00   1.2838806e+00   7.7255366e-01   2.6899094e-01  -2.8984675e-01   9.3321195e-01  -9.1314420e-01   5.2748426e-01  -8.7591411e-01  -1.4968218e+00   2.5206853e-02
   2.0000000e+00   2.0407975e-01   1.9887375e+00   6.3744143e-01  -8.4397085e-01  -8.7569054e-01   1.0573905e+00  -5.7080068e-02   1.0011453e+00   5.6629336e-01   1.3729487e+00
   2.0000000e+00  -1.0742029e+00  -1.5435333e+00  -1.2202617e+00  -8.0154191e-01  -2.7087336e-01  -3.4082361e-01   4.1243446e-02   2.7216528e-01   2.8938737e-01  -3.6644105e-01
   2.0000000e+00  -6.5747669e-01  -1.3477444e+00  -3.5970452e-01   7.3710355e-02   6.9777608e-01   2.0437973e-01  -1.3756502e+00  -1.9428357e-01   8.2725183e-02   1.1185023e+00
   2.0000000e+00  -6.0235011e-01   4.5380867e-02  -1.4993011e+00  -8.4899867e-02  -1.0007596e-01   2.8103681e-01   1.7530588e+00   2.3065426e-01  -8.7350644e-01  -1.0626739e+00
   2.0000000e+00   1.2865818e+00   6.9695317e-01   2.0894296e+00   1.4484297e-01  -9.8967986e-01   3.9300643e-02  -1.1007181e+00   1.4979576e-01   1.2919195e+00  -2.1544703e-01
   2.0000000e+00   1.8797984e-01   5.3664735e-01  -2.5729769e-01   3.9821147e-01  -1.9108173e+00  -9.6775004e-01  -6.8733778e-01  -2.1784105e+00  -1.6277018e+00  -2.4223063e-03
   2.0000000e+00   9.6643489e-01   1.5661647e+00  -1.3071264e+00  -1.6111986e-01   7.9150407e-01  -1.0838065e+00  -1.4555750e+00   1.4768330e+00   8.5625875e-02   5.6334318e-01
   1.0000000e+00   8.9453350e-01  -2.9741945e-01   8.6249466e-01  -1.5132867e+00   3.6808061e-02   1.7968979e-01   3.9341468e-01  -1.5923037e+00  -7.6098185e-01   6.7413478e-03
   2.0000000e+00  -7.2291784e-01   1.4654809e+00  -2.3987927e+00  -6.0885638e-01  -6.9124476e-01  -2.8982461e-01   9.4870752e-01   9.7081811e-01  -9.2350959e-01   4.9640103e-01
   2.0000000e+00   3.6937279e-01   1.1616820e+00   1.1864169e+00  -1.1142640e+00  -1.4022041e+00   1.4154161e+00  -2.1405002e+00  -2.3180481e-01  -5.7595709e-01  -4.7499931e-01
   1.0000000e+00   1.0346038e+00  -5.4423336e-01   3.8500959e-01  -3.1584067e+00   1.9962906e+00  -3.8092402e-01   4.9389231e-01  -6.7828592e-01   8.5706849e-01   1.0946997e+00
   2.0000000e+00   5.6247366e-01   4.4314453e-01   1.6451469e-01   9.4146053e-01  -3.8363711e-01  -2.1093418e+00  -6.3965616e-01  -5.7065684e-03   3.3205717e-01  -1.9273716e-01
   2.0000000e+00  -1.2699989e+00  -3.1336150e-01  -2.4667488e-01  -1.0292655e+00   1.0535927e+00   5.5164614e-01   6.2116674e-01  -1.6722737e+00   1.1958901e+00   1.9669487e-01
   2.0000000e+00   1.7302724e+00   2.5805757e-01   1.3781712e+00   2.1529020e-01  -1.1236337e+00   5.9835690e-01  -2.5684634e-01   1.5591202e-01  -5.6174769e-01  -9.4957941e-01
   2.0000000e+00   1.7544998e+00   2.0902328e+00   6.3538831e-01   4.8783525e-01   9.7661586e-01   1.7233306e+00  -1.4877401e+00   1.2413112e+00   1.0018539e+00   1.3951333e-01
   2.0000000e+00   6.9361503e-01  -2.6138790e+00  -2.9117777e-01  -1.0734918e+00   1.5774956e+00   2.2458220e-01   3.7458395e-01   8.0275465e-01  -3.9751984e-01   5.0640641e-01
   2.0000000e+00  -4.2967462e-01  -1.1525514e+00  -4.5043278e-01   5.3986179e-01  -9.0304248e-01  -5.5624404e-01   9.9423853e-01  -1.5722239e+00   1.7542753e-01   7.1486573e-01
   2.0000000e+00  -3.9929545e-01   9.3264349e-01   3.4375997e-01  -1.3527715e+00   1.3208447e+00  -1.2995582e+00   1.3713639e-01  -3.6845691e-01   1.4804821e+00  -1.9238414e+00
   2.0000000e+00   1.2336052e+00   1.3804677e+00  -6.8028665e-01  -6.6083268e-02   1.5369864e+00  -4.4179165e-01   5.5036247e-01  -9.8154502e-01  -1.1688444e-01   1.6779625e+00
   1.0000000e+00  -8.9254549e-01  -5.6835924e-02   4.5988363e-01  -2.0054721e+00  -9.2955073e-01   5.5534473e-01  -7.1087084e-01  -9.4347203e-01  -1.4221507e+00  -6.4641798e-01
   1.0000000e+00  -1.5756550e+00   1.1848970e+00   5.7415228e-01  -3.4549776e-01   1.0209844e+00   1.9426433e-01   1.6132952e+00   3.6846450e-01   1.2248865e+00   1.2772070e+00
   2.0000000e+00  -5.8129520e-02   2.3261536e+00  -5.0073721e-01  -2.5397245e-02   1.1515594e-01   1.1943186e-01  -6.4717923e-01  -6.9600264e-01   8.4438527e-01   4.9205027e-01
   2.0000000e+00   4.5111658e-01   3.1927685e-01   1.4034977e+00  -1.6647276e+00   1.4585844e+00   2.0859801e+00   1.3787428e+00  -4.0853104e-01   3.7009552e-01  -5.8498939e-01
   1.0000000e+00   1.1323819e+00   7.0983555e-01   2.8895867e-02  -1.4357685e-01  -2.8594774e-01   6.8463995e-01  -8.7678948e-01  -5.1010569e-01   3.9477299e-01   1.7780172e-01
   2.0000000e+00   1.1121743e+00  -2.8895685e-01   1.1605310e+00   1.3158547e+00   8.1149117e-01  -9.0806728e-01   4.4181883e-01  -1.0417332e+00   2.7299973e-01   8.9032303e-01
   2.0000000e+00   6.5226655e-02   5.3651086e-01  -1.5125862e+00   5.6913229e-01   9.1930494e-02  -5.4582110e-02   9.3635913e-01   1.3727874e-02  -3.1072969e-01  -7.7465565e-01
   1.0000000e+00  -3.4557790e-01  -4.1351891e-01   6.2354270e-01  -1.3273293e+00   1.0792839e+00  -9.9014182e-02  -2.6679249e-01   1.5110418e-01  -5.1859461e-01  -5.5162332e-01
   2.0000000e+00  -1.2465879e+00   6.2510447e-01  -7.8943559e-03   7.1261439e-01   6.5714440e-01   7.4662495e-01  -2.3799347e-01   1.0380666e+00  -1.1737162e+00  -1.3824183e+00
